<<<<<<< HEAD
100 conflict!
101
102
<<<<<<< HEAD
103 fengshui
104
=======
=======
ceva100
101
ceva102
>>>>>>> 61f970ea354633811898eac69cde50d430adc04f
103
a104
>>>>>>> 88b196a16dff878b0a79b4c2375f5a60920be2d5
105
106
ewqsda1ewq0ewq7weq
108
109
110
<<<<<<< HEAD
111 asa ceva
=======
111asdd
>>>>>>> 61f970ea354633811898eac69cde50d430adc04f
112
113
114
115testyf
116
117
118
119
2we120
121
122
123
124
125
126
127
128
129
130
131
132
133
134
135
136
137
138
139
140
141
142
143
144
145
146
147
148
149
150
151
152
153
154
155
156
157
158
159
160
161
162
163 "In God We Trust"
164
165
166
167
168
169
170
171
172
173
174
175
176
177
178
179
180
181
182
183
184
185
186
187
188
189
190
191
192
193
194
195
196
197
198
199
200
